%VH	VH
25.0144	-0.0206221826660167
25.6379	0.0234900465966561
26.2635	-0.0112973028392249
26.887	-0.0250770735765521
27.5104	-0.00902829294728159
28.1337	0.0315750390485868
28.757	-0.00675962895554466
29.3803	0.0163047030403237
30.0057	0.00957545633763819
30.6289	0.0431613397001045
31.252	-0.0144762255708316
31.8752	0.0313946577916346
32.4982	-0.00519535611270357
33.1212	0.0599706299829584
33.7442	-0.0345133839213797
34.3672	0.0271436021742821
34.9901	0.0151617460111867
35.6151	-0.00640413312322564
36.2379	0.0422129706769151
36.8607	-0.00741492552294411
37.4834	0.049974541137858
38.1061	0.0757850077986604
38.7288	0.168257474459463
39.3514	0.173018303980926
39.974	0.16023913350239
40.5965	0.0702573258845154
41.219	0.00246816018345496
41.8414	0.0617766872770509
42.4638	0.089506214370647
43.0862	0.080394741464243
43.7085	0.141455913878036
44.3287	0.244597638015967
44.9509	0.356536455749957
45.5731	0.426365273483947
46.1953	0.311984091217938
46.8174	0.236201554272125
47.4394	0.114804662646509
48.0615	0.0898991257006963
48.6835	0.0123602340750805
49.3054	0.00499498776966166
49.9273	0.0274557414642431
50.5471	0.0446230468829622
51.1689	0.0249764458977405
51.7907	0.0176108449125189
52.4124	0.0435768892474942
53.0341	-0.00929246709289323
53.6558	0.0718326478213245
54.2753	0.0722490550745943
54.8969	0.0796898196405873
55.5184	0.167832233858355
56.1399	0.206851648076123
56.7592	0.244109354632943
57.3806	0.230496418502486
58.002	0.167761482372029
58.6233	0.0945001958933477
59.2425	0.0791255521019428
59.8637	0.042704915275036
60.4849	0.0255832784481293
61.104	0.0189802843084996
61.7251	0.00712129713336794
62.3462	0.0321043099582363
62.9672	0.0325249724348798
63.5861	-0.0109207224011997
64.2071	0.0245889400754438
64.8258	0.0197385445429144
65.4467	-0.0114574000470399
66.0676	0.051110228600175
66.6862	0.0049025431132481
67.307	0.0586989841894133
67.9277	0.0212662376945289
68.5462	0.0926023646365523
69.1669	0.104292618141668
69.7853	0.112469557512642
70.4059	0.0995986234467078
71.0242	0.135846375246632
71.6447	0.115957253609648
72.2651	0.127647944401615
72.8834	0.121789696201539
73.5037	0.126462199422456
74.1219	0.167972763651331
74.7422	0.235802266872248
75.3603	0.335205643530073
75.9804	0.48899877160889
76.5984	0.735777960695666
77.2185	0.659741088774483
77.8365	0.574940277861259
78.4543	0.423469091805935
79.0743	0.366732032313703
79.6921	0.280174846258379
80.312	0.291864599195097
80.9297	0.271970225568724
81.5496	0.287167978505442
82.1672	0.283063417308019
82.7848	0.200010856110596
83.4045	0.173103233905215
84.022	0.146191485136742
84.6395	0.0754197363682689
85.259	0.0853537390207888
85.8764	0.0286168026812662
86.4938	0.0315298663417437
87.1132	0.0554986814232139
87.7305	0.0549015575126418
88.3477	0.00693624603101993
88.967	-0.00418212645855943
89.5842	0.0390805620598187
90.2013	0.0314660630071473
90.8205	0.0343825029465182
91.4375	-0.00130318367720296
92.0545	0.0349421296990759
92.6714	0.0501342555043053
93.2905	0.0512955078726266
93.9073	0.0542074461068063
94.5242	0.0753994049574545
95.1409	0.0280960001405331
95.7577	0.00535360579794007
96.3765	0.00366342094191451
96.9932	0.0265350161249931
97.6098	0.0809856008337433
98.2264	-0.00666881445750657
98.8429	0.0337467597769152
99.4594	0.0671443340113371
100.076	0.0338759187200872
100.694	0.0532386500694347
101.311	0.0375142766754984
101.927	0.105999798538278
102.543	0.104309320401058
103.16	0.0429709470071219
103.776	0.118474468869902
104.392	0.0694159907326818
105.008	0.0852695125954618
105.624	0.157264034458242
106.24	0.127503556321022
106.856	0.174937078183802
107.472	0.208334600046582
108.088	0.292610121909362
108.704	0.333025643772141
109.32	0.506774165634921
109.936	0.752448687497701
110.551	1.2069031046172
111.167	1.88240762647998
111.783	2.51931214834276
112.399	2.26148667020554
113.014	1.51418108732503
113.63	0.854595609187814
114.245	0.50203002630731
114.861	0.42139454817009
115.476	0.338998965289586
116.092	0.244325487152366
116.707	0.230354904271862
117.322	0.311121321391358
117.935	0.351536529024287
118.551	0.360371050887067
119.166	0.344645468006563
119.781	0.28857188512606
120.396	0.214951302245556
121.011	0.206243719365052
121.624	0.179992926997981
122.239	0.227425344117477
122.854	0.209945761236973
123.469	0.257379178356469
124.084	0.290776595475966
124.696	0.297858698365611
125.311	0.290905115485107
125.926	0.287460532604603
126.541	0.334893949724099
127.153	0.284081052613744
127.768	0.377126469733241
128.382	0.529820782109453
128.997	0.463225199228949
129.609	0.493109302118594
130.224	0.496683719238091
130.838	0.431838031614303
131.451	0.302074239247232
132.065	0.200384551623444
132.679	0.110974863999657
133.291	0.100512966889302
133.906	0.0865423840087979
134.52	0.0445006963850104
135.132	0.00245979927465532
135.746	0.0393661116508679
136.358	0.0482022145405129
136.972	-0.0120335332445264
137.586	0.060830637743288
138.198	0.0126434824412398
138.812	0.0732256534290541
139.423	0.0776728349820745
140.037	0.0768520059698889
140.649	0.0707698506678407
141.263	0.566443021655655
141.874	0.0919392032086756
142.488	0.0455043741964899
143.099	0.0727585557495104
143.713	0.110533726737325
144.324	0.269365908290345
144.938	0.42118007927816
145.549	0.39930326083118
146.163	0.387962431818995
146.774	0.366095613372015
147.387	0.544216121214898
147.998	0.499539302767918
148.609	0.402232484320939
149.223	0.208430655308753
149.834	0.123403836861774
150.447	0.0734613447046569
151.058	0.0340475262576774
151.669	0.0244587078106978
152.282	0.023640215653581
152.893	-0.0105106027933987
153.503	0.0145006083421683
154.116	0.0179727160370893
154.727	0.0109132181604118
155.338	0.0582397202837344
155.951	0.0739928279786553
156.561	0.114299527316179
157.172	0.108994029439501
157.784	0.137025334348623
158.395	0.165053836471946
159.005	0.175535535809469
159.616	0.214090037932792
160.228	0.392993342841913
160.839	0.757865844965236
161.449	1.19641554430276
162.059	1.77883524364028
162.669	2.50685494297781
163.282	2.93489305067273
163.892	3.06467275001025
164.502	2.35761244934777
165.112	1.5277421486853
165.722	0.776821848022821
166.334	0.371517152931942
166.944	0.194277852269466
167.554	0.185461551606989
168.164	0.102960250944512
168.773	0.0853691474962365
169.383	0.0712888468337598
169.993	0.0747535461712833
170.603	-0.00423875449119339
171.212	0.0325561420605307
171.822	0.0447918413980541
172.434	0.0307181463071758
173.043	0.0289160428589
173.653	8.00742196423329E-4
174.262	0.0112796387481475
174.872	0.0235153380856708
175.481	0.018205234637395
176.09	0.00587713118911913
176.7	0.0303938305266424
177.309	-0.0170222729216335
177.918	0.0338076236300907
178.527	-0.0171174798181851
179.136	0.0256977620470072
179.745	0.0191335059494462
180.352	0.040637763008199
180.961	-0.0097874930893619
181.57	0.018736250813077
182.179	0.00866199471551608
182.788	0.0196417386179551
183.397	0.00956748252039417
184.006	0.0170382264228331
184.615	0.0262629703252722
185.223	0.0161879708058682
185.83	-0.00265877213537903
186.439	0.0188469717670599
187.047	0.019298972247656
187.656	-0.0241082838499051
188.264	0.00792271663069087
188.873	-0.00565953946687005
189.479	0.0298789741700397
190.088	0.0496297180724787
190.696	-0.0183392814469253
191.304	0.0452707190336706
191.913	0.00888146293610957
192.519	0.0110859765730194
193.127	-0.0130230229463846
193.735	0.00497197753421129
194.343	0.0317399780148072
194.949	0.019910491651717
195.557	0.0291344921323129
196.165	-0.00199250738709113
196.771	0.0156081642525132
197.379	0.0352000657303457
197.987	0.0354939672081783
198.593	0.00246067164167572
199.201	0.0360875731195083
199.808	0.0205948760751733
200.414	0.00159558050867091
201.022	0.0159254819865033
201.63	0.00393838346433593
202.235	0.0445914893756659
202.843	0.0343593908534985
203.448	0.0311514967648285
204.056	0.033200398242661
204.661	0.0317475041539911
205.268	0.035552807109656
205.876	0.0867247085874885
206.481	0.137903814498819
207.088	0.217147117454484
207.693	0.299905223365814
208.301	0.547569124843646
208.906	1.08997623075498
209.513	1.69553853371064
210.118	2.09583563962197
210.725	1.89437794257764
211.33	1.37889504848897
211.937	0.787957351444631
212.542	0.414574457355961
213.147	0.227158563267292
213.753	0.164299267700789
214.358	0.147057373612119
214.965	0.0350726765677841
215.57	0.0529187824791142
216.176	0.0567264869126118
216.781	0.0114135928239418
217.385	0.0134721002131044
217.992	0.0400844031687694
218.596	0.0316169105579319
219.201	0.059988016469262
219.807	0.0251997209027596
220.412	0.00620282681408955
221.016	0.0106345036697631
221.622	-0.0137665737405113
222.226	0.0197258210518885
222.831	0.056727479742951
223.435	0.0182908745353508
224.041	0.0430117971250763
224.645	0.013346191917476
225.249	0.00648858670987572
225.855	0.0557715092996014
226.459	0.068210904092001
227.063	0.147318298884401
227.667	0.1685296936768
228.271	0.1844790884692
228.877	0.261832011058926
229.48	0.358487141952663
230.084	0.498996536745062
230.688	0.620205931537462
231.291	0.729135062431199
231.895	0.639824457223598
232.501	0.513664379813324
233.104	0.341894510707061
233.708	0.306966905499461
234.311	0.229933036393197
234.914	0.258162167286934
235.518	0.224987562079334
236.121	0.297076692973071
236.724	0.276183823866808
237.327	0.246517954760544
237.931	0.237905349552944
238.534	0.199468480446681
239.139	0.208400139137743
239.742	0.23136627003148
240.345	0.261349400925217
240.948	0.272034531818954
241.551	0.291492662712691
242.154	0.284633793606427
242.757	0.361990924500164
243.36	0.388460055393901
243.963	0.411429186287638
244.563	0.423867525485386
245.166	0.402976656379123
245.769	0.34523678727286
246.371	0.310308654267934
246.974	0.24029178516167
247.576	0.205362652156744
248.179	0.138855783050481
248.781	0.0934006500455547
249.384	0.112857780939292
249.986	0.0586306479343654
250.587	0.0851052510307765
251.189	0.0326321180258503
251.791	0.0450719850209243
252.393	0.0311958520159982
252.996	0.0331089829097349
253.598	0.0157238499048088
254.198	0.0264091891025569
254.8	0.00388001406888548
255.402	0.0148857300932262
256.004	0.0416814461175671
256.606	0.0807571621419077
257.206	0.0250952844253039
257.808	0.0782060004496446
258.41	0.0628967164739854
259.011	0.0844286356278538
259.611	0.0691167579112499
260.213	0.0643334739355907
260.815	0.101655189959931
261.414	0.103886515372855
262.016	0.123665231397196
262.617	0.164495150551065
263.217	0.182516272834461
263.818	0.132118191988329
264.42	0.0904929080126698
265.019	0.0471102334255936
265.621	0.00373094944993434
266.222	0.0498238686038028
266.821	0.0520551940167266
267.422	0.0507801131705952
268.022	0.0249422354539912
268.623	0.0289301546078596
269.224	0.0206370737617281
269.823	0.0263773991746519
270.424	0.00931231832852029
271.023	0.0238246437414442
271.624	0.0295665628953126
272.223	0.00548288830823639
272.824	0.0585928074621048
273.423	0.00994813287502859
274.023	-0.00185474484157534
274.622	0.0196755805713484
275.223	0.0113824997252169
275.822	-0.00217517486185938
276.422	5.6947421536821E-5
277.021	0.00228966178759092
277.619	0.0273416407324503
278.22	-0.0265519222343382
278.818	0.0125340567105211
279.419	0.0516234937437326
280.017	0.025797472688592
280.618	-0.00353509027819644
281.216	0.00397288866666289
281.814	0.0395508676115223
282.414	-0.0178525147180504
283.013	0.00719928358959308
283.611	-0.00809973746554761
284.211	-0.00409911979512013
284.809	0.00165385914973924
285.407	-0.00487416190540137
286.007	0.00789845576502611
286.605	-0.0179275652901145
287.203	-0.00164758634525521
287.801	0.00936839259960419
288.401	0.0379300102700317
288.998	0.029647169852107
289.596	0.00557614879696632
290.194	-0.0114778722581743
290.794	0.0205927454122532
291.391	0.0456429049943284
291.989	0.00753688393918782
292.586	-0.0288159564787367
293.186	0.0243066611916907
293.784	0.00198964013654999
294.381	0.0182687997186253
294.978	0.0240209593007007
295.576	0.01573893824556
296.173	-0.00833290217236472
296.77	-0.0236337425902894
297.37	0.0347528750801381
297.967	-0.0103719653377866
298.564	0.0252041942442889
299.161	-0.00588464617363595
299.758	-0.00188748659156059
300.355	0.0231636729905147
300.952	-0.0324881674274099
301.549	-0.0197180078453346
302.146	6.91517367406996E-5
302.743	0.016348311318816
303.34	0.00806547090089126
303.937	-2.17369517033342E-4
304.534	-0.0314323486893794
305.13	0.0021844990630837
305.727	0.00773182307016505
306.324	0.0255601470772463
306.92	0.0188269948297094
307.517	0.0296373188367906
308.114	-0.00516635715612813
308.71	0.042486490596335
309.307	-0.00810618539658371
309.903	-8.05337644120732E-4
310.499	0.0433385101083423
311.096	0.0243248341154236
311.692	0.0246086818678867
312.288	0.00910252962034973
312.885	0.0199128536274311
313.479	0.0289677488706577
314.075	0.00644459662312068
314.671	0.0207634443755837
315.267	0.0157842921280468
315.863	0.0458931398805098
316.459	0.016351987632973
317.053	0.0569858828761995
317.649	0.0484977306286626
318.245	0.106676578381126
318.841	0.106960426133589
319.437	0.0897002738860517
320.03	0.12857969287466
320.626	0.142898540627123
321.222	0.0958133883795862
321.817	0.108377759877431
322.411	0.103397655120658
323.007	0.0773655028731207
323.602	0.0162448743709655
324.195	0.0621422933595739
324.791	0.0326011411120369
325.386	0.0206035126098818
325.98	0.0156234078531083
326.575	0.0387137793509532
327.17	-0.0136338491512019
327.764	-0.0151059539079754
328.359	0.0185114175898694
328.954	0.00125078908771435
329.547	0.0155682080763226
330.142	0.0456755795741676
330.735	-0.00491900143722414
331.33	0.0374693700606207
331.925	0.0289807415584655
332.518	0.027399214522149
333.113	0.00287089159577435
333.706	0.00290345883049679
334.301	0.0204791359041221
334.894	0.0345477031388445
335.488	0.0170363252930183
336.081	0.00654189252774072
336.676	-0.0039514303986339
337.268	0.039941081916637
337.863	-3.77241009737697E-4
338.456	-0.0161346737750152
339.05	0.0224949483791586
339.643	0.0260365156138811
340.237	0.040104137768055
340.829	0.0243466500833259
341.422	0.0331512173180484
342.016	0.0349388394722222
342.608	-0.0036256482125069
343.203	0.0314950288611184
343.795	0.00521154117638943
344.387	0.00875305349166032
344.981	0.0473816756458343
345.573	-0.0139888120388948
346.165	0.035166700276376
346.759	0.01239132243055
347.351	0.00540683474582092
347.943	0.0159653470610919
348.537	-0.0103170307847342
349.129	0.0388374815305367
349.721	0.00553699384580762
350.312	0.0318854512416271
350.906	0.042444073395801
351.498	0.0231785857110719
352.09	-0.0294209019736572
352.681	-0.0153534445778377
353.275	0.0302931775763362
353.866	0.0461156349721556
354.458	0.0163231472874266
355.049	0.047934604683246
355.643	-0.00641877316258012
356.234	-0.00463131576676058
356.825	-0.0151258583709412
357.417	0.0129776539443297
358.008	0.0393251113401493
358.599	-0.0132734312640313
359.19	0.0271100261317881
359.784	0.018370648285962
360.375	0.0745431056817816
360.966	0.00615456307760097
361.557	0.0167130204734205
362.148	0.0500794778692399
362.739	0.0571289352650595
363.33	0.0308453926608789
363.921	0.0133348500566982
364.511	0.0186302525330663
365.102	0.0379607099288858
365.693	0.0783441673247053
366.284	0.0503066247205247
366.874	0.0538470271968927
367.465	-0.0285765154072879
368.056	0.0100529419885316
368.646	0.0276293444648996
369.237	0.0487138018607191
369.827	0.0610272043370871
370.418	0.0101826617329065
371.008	0.0347760642092746
371.599	0.027791521605094
372.189	0.047121924081462
372.779	0.00680332655782999
373.37	0.0296427839536495
373.96	0.0244121864300174
374.548	0.0191814790674825
375.138	0.0297398815438505
375.728	0.0490702840202185
376.318	0.0333136864965865
376.908	0.0193110889729544
377.498	0.0175884914493225
378.086	-0.00694021591321249
378.676	0.0334431865631555
379.266	0.0141775890395235
379.856	0.0159639915158914
380.446	0.0563473939922595
381.034	0.0476076866297246
381.623	0.0213240341866411
382.213	0.00732143666300898
382.803	0.0055998391393771
383.39	3.68076857390584E-4
383.98	-0.0153885206662414
384.569	-0.0346541731093249
385.159	0.0145012293670431
385.746	0.00576146708505675
386.336	0.0478988695614247
386.925	-0.0134727828816588
387.512	0.00585845483635482
388.102	-0.00112714268727722
388.691	0.0182032048696393
389.278	0.0147274425876529
389.868	0.00774184506402086
390.455	0.00602008278203457
391.044	0.037631430338951
391.633	-0.0114592221041324
392.22	-9.00984386118867E-4
392.809	-0.00613163682920238
393.396	0.0360056008888112
393.985	0.0377929484457277
394.574	0.0290532960026443
395.161	-0.0130204662793422
395.749	0.0326258263581229
396.336	0.0519570640761364
396.925	0.011638411633053
397.512	0.0239506493510666
398.1	-5.78058011468388E-4
398.687	-0.0128268202934548
399.275	0.0696624723440102
399.862	0.0188167100620239
400.448	0.025866892860586
401.037	0.0241442404175025
401.623	0.00312442321606453
402.212	0.0347357707729811
402.798	0.0488029535715432
403.386	0.0453262462090083
403.973	0.0558844839270219
404.559	0.059425666725584
405.147	0.0243699593630491
405.733	0.0138761421616111
406.319	0.0156633249601732
406.908	0.0332386725170898
407.494	0.0560778553156519
408.08	0.0473390381142139
408.668	0.029827330751679
409.254	0.0333675135502411
409.839	0.0509436414293518
410.427	0.0386959340668168
411.013	0.0264471168653789
411.599	0.00191729966394104
412.185	0.0440554824625031
412.772	0.0160177201805167
413.358	-0.00500309702092118
413.944	0.0330686918187262
414.529	0.0113900436465717
415.117	0.0265501870222523
415.702	-0.0161804611499023
416.288	0.0112628211938882
416.873	0.0159001730217337
417.459	0.0258004553655242
418.044	0.0602618071933697
418.631	-0.0035239799468947
419.217	0.0274283023968959
419.802	0.00575065422474118
420.387	0.0612650060525868
420.972	0.0483583578804323
421.557	0.0424697097082777
422.142	0.0295640615361231
422.728	0.0254283438799136
423.313	0.0704166957077592
423.9	0.0417189085674947
424.485	0.11653126039534
425.069	0.0983626817072406
425.654	0.131071033535086
426.239	0.174304385362932
426.824	0.235082737190777
427.409	0.236211089018623
427.993	0.354884510330523
428.578	0.334960862158368
429.163	0.339598213986214
429.747	0.467045635298114
430.332	0.61904998712596
430.914	0.81667754740597
431.499	0.852891899233816
432.083	0.792617320545716
432.668	0.611291672373562
433.252	0.538737093685462
433.837	0.457411445513307
434.421	0.598886866825208
435.005	0.735102288137109
435.589	0.862547709449009
436.174	0.705782061276854
436.756	0.513929621556865
437.34	0.332608042868765
437.924	0.193386464180666
438.508	0.238375885492566
439.092	0.169330306804466
439.674	0.195023867084477
440.258	0.224224288396377
440.842	0.202546709708278
441.426	0.291396131020178
442.009	0.401301621816134
442.591	0.530499182096144
443.175	0.656194603408044
443.759	0.771360024719945
444.34	0.77774865448401
444.924	0.840284075795911
445.508	0.911589497107811
446.091	0.895175987903766
446.673	0.713853548183777
447.256	0.572880038979732
447.84	0.445935460291633
448.421	0.343564090055698
449.004	0.249957580851653
449.586	0.182669141131664
450.169	0.225904631927619
450.752	0.284930122723575
451.333	0.23694075248764
451.917	0.32403517379954
452.498	0.318150803563606
453.081	0.326299294359561
453.664	0.259009785155517
454.245	0.246107414919582
454.828	0.166535905715537
455.409	0.236090535479603
455.992	0.165291026275558
456.573	0.159406656039623
457.155	0.141240216319634
457.736	0.123075846083699
458.319	0.0943813368796544
458.9	0.14112896664372
459.482	0.13524352692373
460.063	0.118832156687796
460.646	0.118208647483751
461.226	0.0491673467318712
461.807	0.0643359764959366
462.389	0.125116536775947
462.97	0.0823901665400122
463.552	0.116855726820023
464.133	0.088163356584088
464.713	0.0296490558322082
465.295	0.0904296161122185
465.876	0.067001245876284
466.456	0.0576089451244042
467.038	0.0411975054044147
467.618	0.079173204652535
468.198	0.0522369039006553
468.78	0.00600046418066556
469.36	0.038714163428786
469.94	0.0749358626769062
470.52	0.0497535619250265
471.102	0.0333421222050369
471.682	0.0169318214531571
472.262	0.0312932914263402
472.842	-0.00668803693186883
473.424	0.0676137577155835
474.004	0.0348964293573747
474.583	0.028493039496335
475.163	0.0589337111381261
475.743	0.0402513827799171
476.324	0.0742011159245388
476.904	-0.00413021243367019
477.483	0.0771853977052903
478.063	0.0479770693470813
478.642	0.0731526794860416
479.222	0.0351723511278327
479.803	0.0726310842724543
480.382	0.0504386944114149
480.962	0.0457913660532059
481.541	0.0569319761921662
482.12	0.0575465863311265
482.699	0.0493891964700869
483.279	0.0745668681118781
483.858	0.0681634782508383
484.437	0.0371990883897988
485.016	0.0711466985287591
485.595	0.0594813086677196
486.174	0.0618499188066798
486.753	0.0642185289456402
487.332	0.0543071390846006
487.911	0.072465749223561
488.489	0.0660612978596906
489.068	0.059658907998651
489.647	0.0374665181376115
490.226	0.0415901282765718
490.804	0.0843086769127014
491.383	0.0252742870516619
491.962	0.0539588971906223
492.538	0.0896583228210906
493.117	0.0604479329600509
493.695	0.0312364815961806
494.274	0.028343091735141
494.852	0.0307106403712707
495.43	0.0295701890074004
496.009	0.0512367991463608
496.585	-0.00780077522317092
497.163	0.0261467734129588
497.742	-0.0135896164480808
498.32	0.0501819321880489
498.898	0.0139524808241786
499.474	0.014563906454647
500.052	-0.0111375449092234
500.63	0.0122830037269063
501.208	0.0181595523630361
501.784	-0.0132813104653776
502.362	0.0271959806517367
502.94	0.025567271768851
503.518	0.0344655628859651
504.094	0.0451184170095946
504.672	0.00664770812670888
505.249	0.0453707807470807
505.825	0.0279526348707101
506.403	0.0456229259878243
506.98	0.0387309986081963
507.556	0.0564008527318257
508.134	0.00740414384893993
508.709	0.0671787794758268
509.287	0.0585330705929411
509.864	0.049887143213313
510.44	0.0447499973369424
511.017	0.0571570699573143
511.592	0.0590367055842013
512.17	0.141619996701316
512.747	0.154026069321687
513.322	0.296256704948574
513.899	0.749013777568946
514.474	1.30878941319583
515.052	1.21417570431295
515.627	0.917811339939835
516.204	0.398637412560206
516.779	0.168942048187093
517.356	0.146261120807465
517.931	0.0674397564343523
518.506	0.123705392061239
519.083	0.0659364646816111
519.657	0.0590448818117557
520.234	0.125837954432128
520.809	0.0996475900590145
521.386	0.0699486626793864
521.96	0.120951079809531
522.535	0.122831715436418
523.112	0.12120278805679
523.686	0.0862412051869346
524.261	0.0916298408138214
524.837	0.0707026949374508
525.412	0.090127330564338
525.986	0.0884977476944825
526.563	0.0517818203148544
527.137	0.037872237444999
527.711	-0.0111253454248565
528.286	0.0363692902020306
528.862	0.04526614432566
529.436	0.0594275614558046
530.01	0.0630609785859492
530.584	0.00704639571609388
531.161	-0.0384415316635344
531.735	0.00378888546661026
532.309	0.0161953025967549
532.883	0.0531627197268996
533.457	0.0374991368570441
534.032	0.0183257724839312
534.606	0.00967918961407575
535.18	0.00278760674422028
535.754	0.029229023874365
536.328	0.0012834410045096
536.902	0.0329878581346542
537.477	0.0208334937615412
538.051	0.0297309108916858
538.625	0.0210843280218303
539.198	0.0124375266552326
539.772	0.00905394378537715
540.345	0.0144421424187794
540.919	-0.0222744404510761
541.492	0.0182017581823262
542.066	0.0288514795975241
542.639	-0.0236885557703945
543.212	0.0360514088616867
543.786	0.0168445322453073
544.359	-6.08503122611417E-4
544.932	0.0363244615094699
545.505	0.0311524261415512
546.078	0.0154533907736325
546.652	-0.0019994858427468
547.225	0.0314254787893344
547.798	0.0297614434214157
548.371	0.0280984080534969
548.944	-0.0314596273144217
549.517	0.0124903373176596
550.088	0.030124984446662
550.66	0.0126717903272039
551.233	0.0548687549592852
551.806	0.00408171959136648
552.379	0.0129446842234477
552.952	0.039351648855529
553.524	0.0201444547360708
554.095	0.00795410186507338
554.668	0.0448870664971546
555.24	0.0169078723776965
555.813	0.0327888370097777
556.385	0.0241076428903196
556.956	0.0470052900193221
557.528	0.034815095899864
558.101	-0.00193593946805472
558.673	0.0385058664124871
559.243	0.0192983547899501
559.815	0.012371160670492
560.388	0.0352691253025734
560.958	0.0283416136800364
561.53	-0.0119175804394217
562.102	0.0197522254411201
562.674	-0.004718968678338
563.244	0.016424519699125
563.817	-0.0238355156687937
564.386	0.00958781395713003
564.958	0.0395036198376718
565.53	0.0395944257182137
566.1	0.0238949140956768
566.672	0.00644171997621866
567.244	0.0398665258567605
567.814	-0.00390298576577643
568.386	0.0382928201147655
568.955	0.073471149740689
569.527	0.0139129556212309
570.097	0.040319443998694
570.668	0.0439190911276964
571.238	0.0159385795051595
571.809	0.026556226634162
572.379	0.0810327150116251
572.95	0.0512983621406275
573.52	-0.0398391494819095
574.091	0.0304274976470929
574.66	0.0568328272730166
575.232	0.0358716331535586
575.801	0.0464879627794822
576.372	0.0448246099084847
576.941	0.0185989395344083
577.511	0.0274614279118713
578.082	0.00825307504087379
578.651	0.0311504046667975
579.222	0.0558030517957999
579.791	0.0208053814217236
580.36	0.0173867110476472
580.931	-6.56418233503514E-5
581.5	0.0158136878025733
582.069	0.068536017428497
582.64	-0.0190933354425006
583.208	0.0371378354318836
583.777	-0.00136883494219266
584.346	0.0145114946837309
584.917	-0.00645085818726655
585.485	0.0287273126871177
586.054	7.47642313041239E-4
586.625	0.00961028944204366
587.193	0.0237354603164279
587.762	0.0325967899423517
588.33	-0.0234530391832641
588.899	0.00646229044265954
589.469	-0.00572822117987738
590.037	0.0224319496945069
590.606	-0.00905672067956954
591.174	0.0226124501948147
591.742	0.00866762106919892
592.311	-0.0245750493048773
592.881	0.0228834390725856
593.449	-0.0173773900530302
594.017	0.0020117808213541
594.585	0.0143819516957384
595.153	-0.00131687742987742
595.721	0.00929929344450685
596.289	-0.0169265356811089
596.857	0.0375496351932754
597.425	-9.56193932340491E-4
597.993	0.0149229769420438
598.561	0.023785147816428
599.129	0.0203663186908123
599.696	-0.016385669186343
